Pics: [ 3.2972264  8.173963  13.169163  18.26308  ]
U1: 3.5 V
V_res: 4.988999843597412 V
Potentiel de charge W: 1.809 V