Pics: [ 2.2735817  7.1173024 12.099415  17.21992  ]
U1: 4.5 V
V_res: 4.98199987411499 V
Potentiel de charge W: 1.791 V