Pics: [ 2.7767537  7.592686  12.603859  17.745193 ]
U1: 4.0 V
V_res: 4.988999843597412 V
Potentiel de charge W: 1.787 V