Pics: [ 2.75081    7.5993624 12.5468645 17.712057 ]
U1: 4.0 V
V_res: 4.986999988555908 V
Potentiel de charge W: 1.764 V