Pics: [ 2.7946582  7.49206   12.526408  17.719316 ]
U1: 4.0 V
V_res: 4.974999904632568 V
Potentiel de charge W: 1.82 V