Pics: [ 2.829232  7.676519 12.721654 17.865713]
U1: 4.0 V
V_res: 5.01200008392334 V
Potentiel de charge W: 1.817 V