Pics: [ 2.774524   7.5865893 12.593738  17.730944 ]
U1: 4.0 V
V_res: 4.985000133514404 V
Potentiel de charge W: 1.789 V